# oST version 5.0 parameters


[image]

width
640

height
480

[narrow_stereo/left]

camera matrix
402.679705 0.000000 302.986852
0.000000 404.282605 264.242077
0.000000 0.000000 1.000000

distortion
-0.335610 0.073171 -0.000983 0.000758 0.000000

rectification
1.000000 0.000000 0.000000
0.000000 1.000000 0.000000
0.000000 0.000000 1.000000

projection
275.149963 0.000000 286.494878 0.000000
0.000000 341.699127 273.049098 0.000000
0.000000 0.000000 1.000000 0.000000

